000000000000000000000000000000000000000000000000000000000000000000000000000000000000000000000000000000000000000000000000
000000000000000000000000000000000000000000000000000000000000000000000000000000000000000000000000000000000000000000000000
000000000000000000000000000000000000000000000000000000000000000000000000022333332200000000000000000000000000000000000000
000000000000000000000000000000000000000000000000000000000000000000000334434444444444330000000000000000000000000000000000
000000000000000000000000000000000000000000000000000000000000000000033333344443444444444332200000000000000000000000000000
000000000000000000000000000000000000000000000000000000000000000003433334430000000002344444444400233333300000000000000000
000000000000000000000000000000000000000000000000000000000000000004323234400000000000000234444003332122223344300000000000
000000000000000000000000000000000000000000000000000000000000000014332234400000000000000000023213444444333444442000000000
000000000000000000000000000000000000000000000000000000000000000004433223342000000000000000000000233343334320000000200000
000000000000000000000000000000000000000000000000000000000000000000344322333430000000000000000000000000000000000000000000
000000000000000000000033333433333333333332000000000000000000000000024444322333432000000000000000000000000000000000000000
000000000000000033333334444444444443333333343320000000000000000000000134444433333443100000000000000000000000000000000000
000000000000034333344444443322334444444444333334330000000000000000000000134444433333340000000000000000000000000000000000
000000000024333344443200000002343333344444444333334330000000000000000000000023444433233430000000000000000000000000000000
000000002443344442000000001344200000000002444444333344000000000000000000000000024444323344000000000000000000000000000000
000000034333443100000000024340000000000000024413444333443000000000000000000000000244333333400000000000000000000000000000
000000443334420000000000034340000000000000003410044443334430000000000000000000000024333233400000000000000000000000000000
000003433344100000000000004334000000000000002400000444333344200000000000000000000004332323400000000000000000000000000000
000004333442000000000000002433400000000000024200000024443333442000000000000000000034322234400000000000000000000000000000
000034333440000000000000000243342000000003430000000000344433334431000000000000002433222344000000000000000000000000000000
000034333440000000000000000024334200023331000000000000003444433334433200000023343332334430000000000000000000000000000000
000004333441000000000000000003433413300000000000000000000023444433333343343343322333443200000000000000000000000000000000
000003433344000000000000000002433340000000000000000000000000023444444333433334334444310000000000000000000000000000000000
000000343334410000000000000004433430000000000000000000000000000000333444444444333000000000000000000000000000000000000000
000000034433344100000000000244334300000000000000000000000000000000000000000000000000000000000000000000000000000000000000
000000000344333443221000234433440000000000000000000000000000000000000000000000000000000000000000000000000000000000000000
000000000000344443444444444444000000000000000000000000000000000000000000000000000000000000000000000000000000000000000000
000000000000000033344444433000000000000000000000000000000000000000000000000000000000000000000000000000000000000000000000
000000000000000000000000000000000000000000000000000000000000000000000000000000000000000000000000000000000000000000000000
000000000000000000000000000000000000000000000000000000000000000000000000000000000000000000000000000000000000000000000000