                                                                                                                        
                                                                                                                        
                                                                                                                        
                                                                                                                        
                                                                                                                        
                                                                                                                        
                                                                                                                        
                                                                                                                        
                                                                                                                        
                                                                                                                        
                           3                                                                          1                 
                    33333444  1224443       1224432      2244432       22344322    244332 1224443333444                 
                  144     44     444441        44         42444          3443     3442       4441    24                 
                  344      2     4  4443       44        34  444         2442   243          344                        
                   444431        42  24442     44       14   2442        2441 344            344     2                  
                    1444443      42    34441   44       442321444        244324444           344223344                  
                       24444     43      4443  34      44 111  444       2442   3443         344     2                  
                 12       44     43       1444233     34       2443      2442     3442       344                        
                  4       44     43         24442    142        3443     2442       3441     444      32                
                 1443322342    2344221        342  224421     112444321224444221      344  224443233344                 
                 33 1221       1    1          11  11   1      1     1111     1         21 11     11113                 
                                                                                                                        
                                                                                                                        
                                                                                                                        
                                                                                                                        
                                                                                                                        
                                                                                                                        
                                                                                                                        
                                                                                                                        
                                                                                                                        