000000000000000000000000000000000000000000000000000000000000000000000000000000000000000000000000000000000000000000000000
000000000000000000000000000000000000000000000000000000000000000000000000000000000000000000000000000000000000000000000000
000000000000000000000000000000000000000000000000000000000000000000000000122333332220000000000000000000000000000000000000
000000000000000000000000000000000000000000000000000000000000000000002334434444444444333000000000000000000000000000000000
000000000000000000000000000000000000000000000000000000000000000000233333344443444444444332200000000000000000000000000000
000000000000000000000000000000000000000000000000000000000000000003433334431000000002344444444410233333320100000000000000
000000000000000000000000000000000000000000000000000000000000000004323234400000000000000234444103332122223344310000000000
000000000000000000000000000000000000000000000000000000000000000014332234400000000000000000023213444444333444442100000000
000000000000000000000000000000000000000000000000000000000000000004433223342000000000000000000011233343334322100001210000
000000000000000000000000000000000000000000000000000000000000000000344322333431000000000000000000000001010000000000000000
000000000000000000002233333433333333333332100000000000000000000000024444322333432000000000000000000000000000000000000000
000000000000000133333334444444444443333333343321000000000000000000000134444433333443100000000000000000000000000000000000
000000000000134333344444443322334444444444333334332000000000000000000000134444433333343000000000000000000000000000000000
000000000024333344443200000002343333344444444333334330000000000000000000000023444433233430000000000000000000000000000000
000000002443344442000000001344200000000002444444333344300000000000000000000000024444323344000000000000000000000000000000
000000034333443100000000024340000000000000024413444333443000000000000000000000000244333333400000000000000000000000000000
000000443334420000000000034340000000000000003410044443334430000000000000000000000024333233420000000000000000000000000000
000003433344100000000000004334000000000000002400000444333344200000000000000000000014332323420000000000000000000000000000
000014333442000000000000002433400000000000024200000024443333442000000000000000000034322234400000000000000000000000000000
000034333440000000000000000243342000000003430000000000344433334431000000000000002433222344200000000000000000000000000000
000034333440000000000000000024334200023331000000000000003444433334433211001123343332334430000000000000000000000000000000
000014333441000000000000000003433413300000000000000000000023444433333343343343322333443200000000000000000000000000000000
000003433344000000000000000002433342000000000000000000000000023444444333433334334444310000000000000000000000000000000000
000000343334410000000000000004433430000000000000000000000000000012333444444444333210000000000000000000000000000000000000
000000034433344100000000000244334300000000000000000000000000000000000000000000000000000000000000000000000000000000000000
000000000344333443221101234433442000000000000000000000000000000000000000000000000000000000000000000000000000000000000000
000000000002344443444444444444200000000000000000000000000000000000000000000000000000000000000000000000000000000000000000
000000000000000233344444433200000000000000000000000000000000000000000000000000000000000000000000000000000000000000000000
000000000000000000000000000000000000000000000000000000000000000000000000000000000000000000000000000000000000000000000000
000000000000000000000000000000000000000000000000000000000000000000000000000000000000000000000000000000000000000000000000