334333331112323422334333113212333320343420232210222223222223343223332344442233222344433344333443223332333333433202443333
223323322222222112332223323213222333112321321243233323233233120222320310232323333333333320233333222323333233332223332234
212233333233223213200023211033333432222234323343433233322331100233201111011222322133331200233231322330233333334323322322
443333420122132333223223333333332322333223212222232223322231111112223334321232221234343321233222133222233333333223332321
334433421211333322234332323332333232112222200122222332322331121013222332223223323332233333333332233333333343231023233333
233322233332333320233333332232222332233211232222332222233234331132233323222322343333322332222232332233332333222223224333
333233322333333310333021123332222222222233202332312333333233333333232223223333333233223333322222332232233223332232223333
322333233443433333332121033332233322233322100112223200112323322223322232133323333443343223332332233332232233333332233343
333333334332211333000022233432233232332232223223333320210210023323323332222233133132002102123333223322333333333210122331
234323333000011011011000233432222232222222334332232233321011122233323323222322244320121100002233233222333333333332233432
333333300023124233343441001123333332223323333233323224312233333222213222332320120022333331212222222322344322333343221233
000223333222012234440233323223333322333322232323233332333334312310113323332332000024333333333322200210023333333332233344
300123322332233233202344323333222322333223313323232233332220000001333332023233233333233233233332211122223333322331332333
333332001323334431222444201223332332222332332222232222343322221001333113322332222322332223232232233222332223213333332012
333343102223322323113333434432333223223332232222321233223323433223422100102222323332333322122222344322333222334332322210
333333323333223310013113333323322232232333333221232222222233323334233202311222322223224333343222222122332333333332212223
333333333213310233223332332323322232321223222133332222223321333343333333322311233200334323443332332222222333323322333332
332333233322222333433332232223322222102102222332332233233333321133222322322320110133343222332222212433332333212124444323
322333333323333333333323333223333333310112333332233223333333331210023223333321001344432244333330100143122100002102432443
334433333333333332233323223310231233332333433333334333222223433313333332333332343322220002334432332343231002112334431221
333233333323323333322323323320011133333333333333324310111211333333323332223333333310232033232242222333332124121023333224
343333333323432333333322333333123233233333333334200121000101333333333233333223333434323443310243201433334344222222333343
433443333323433333333333344333333333333332333333322133124102433332333022123333333333111444443201200232333333333332233343
333433333433333333333333310334334433333333333233343102222433333233343212233333333311000024311023003333332223323233333333
433323333333333320222333002024443223233333323333334102333333333222333233343333233331014223302443344432232022102243222333
433323333333333311120234433333132123333433312223333434333333332333332333333333233333103433344322232232023212233443122122
333333223334443134444433431110112123333332221123332123333333333333332233333333333333412100232124222133332223332333333234
311233012123443122344333222332213322343434333323343334323333233333333333333433343344320000223202322233333333333323333333
332100133322232333434333333233434333334432232333333433333333333343333333343332233211322243332203323333333333223233332333
332222333331211323332333443333333223433321000122333333333333333333333333332323223300121223332433323223233311100112233333