                                                                                                                        
                                                                                                                        
    3224444                                                                                                             
   444444444                                                                                                            
  24344444444331111                                                                                                     
      12121       2                                                                                                     
                                                                                                                        
                                                                                                                        
                                                                                                                        
                                                                                                                        
                                                                                                                        
                                                                                                                        
                                                                                                                        
                                                                                                                        
                                                                                                                        
                                                                                                                        
                                                                                                                        
                                                                                                                        
                                                                                                                        
                                                                                                                        
                                                                                                                        
                                                                                                                        
                                                                                                                        
                                                                                                                        
                                                                                                                        
                                                                                                                        
                                                                                                                        
                                                                                                                        
                                                                                                                        
                                                                                                                        